300 544.275638
301 413.719753
302 283.163869
303 152.607985
304 141.057012
305 129.506038
306 117.955065
307 106.404091
308 94.853118
309 83.302144
310 71.751171
311 60.200197
312 48.649224
313 37.098250
314 33.962599
315 30.826948
316 27.691298
317 24.555647
318 21.419996
319 19.567570
320 17.715144
321 15.862719
322 14.010293
323 12.157867
324 11.383718
325 10.609569
326 9.835420
327 9.061271
328 8.287122
329 7.873396
330 7.459670
331 7.045943
332 6.632217
333 6.218491
334 5.804765
335 5.391039
336 4.977312
337 4.563586
338 4.149860
339 4.000488
340 3.851116
341 3.701743
342 3.552371
343 3.402999
344 3.253627
345 3.104255
346 2.954882
347 2.805510
348 2.656138
349 2.570656
350 2.485173
351 2.399691
352 2.314208
353 2.228726
354 2.143243
355 2.057761
356 1.972278
357 1.886796
358 1.855709
359 1.824622
360 1.793535
361 1.762448
362 1.731361
363 1.700274
364 1.669187
365 1.638100
366 1.607013
367 1.575926
368 1.550057
369 1.524188
370 1.498318
371 1.472449
372 1.446580
373 1.420711
374 1.394842
375 1.368972
376 1.343103
377 1.317234
378 1.307438
379 1.297643
380 1.287848
381 1.278052
382 1.268257
383 1.258461
384 1.248665
385 1.238870
386 1.229075
387 1.219279
388 1.211286
389 1.203293
390 1.195300
391 1.187307
392 1.179315
393 1.171322
394 1.163329
395 1.155336
396 1.147343
397 1.139350
398 1.133459
399 1.127568
400 1.121677
401 1.115786
402 1.109895
403 1.104003
404 1.098112
405 1.092221
406 1.086330
407 1.080439
408 1.074548
409 1.070577
410 1.066606
411 1.062636
412 1.058665
413 1.054694
414 1.050723
415 1.046752
416 1.042782
417 1.038811
418 1.034840
419 1.030919
420 1.026998
421 1.023078
422 1.019157
423 1.015236
424 1.011315
425 1.007395
426 1.003474
427 0.999553
428 0.999421
429 0.999288
430 0.999155
431 0.999023
432 0.998891
433 0.998758
434 0.998626
435 0.998493
436 0.998360
437 0.998228
438 1.000172
439 1.002117
440 1.004061
441 1.006006
442 1.007950
443 1.009895
444 1.011840
445 1.013784
446 1.015729
447 1.017673
448 1.020481
449 1.023290
450 1.026098
451 1.028906
452 1.031715
453 1.034523
454 1.037331
455 1.040139
456 1.042948
457 1.045756
458 1.044200
459 1.042643
460 1.041087
461 1.039530
462 1.037974
463 1.036418
464 1.034861
465 1.033305
466 1.031748
467 1.030192
468 1.031929
469 1.033665
470 1.035402
471 1.037138
472 1.038875
473 1.040612
474 1.042348
475 1.044085
476 1.045821
477 1.047558
478 1.060960
479 1.074362
480 1.087763
481 1.101165
482 1.114567
483 1.127969
484 1.141371
485 1.154772
486 1.168174
487 1.181576
488 1.171947
489 1.162319
490 1.152691
491 1.143062
492 1.133433
493 1.123805
494 1.114176
495 1.104548
496 1.094920
497 1.085291
498 1.090167
499 1.095044
500 1.099921
501 1.104797
502 1.109673
503 1.114550
504 1.119426
505 1.124303
506 1.129180
507 1.134056
508 1.149544
509 1.165031
510 1.180519
511 1.196006
512 1.211494
513 1.226982
514 1.242469
515 1.257957
516 1.273444
517 1.288932
518 1.301339
519 1.313747
520 1.326154
521 1.338561
522 1.350969
523 1.363376
524 1.375783
525 1.388190
526 1.400598
527 1.413005
528 1.427126
529 1.441248
530 1.455369
531 1.469490
532 1.483612
533 1.497733
534 1.511854
535 1.525975
536 1.540097
537 1.554218
538 1.568032
539 1.581846
540 1.595659
541 1.609473
542 1.623287
543 1.637101
544 1.650915
545 1.664728
546 1.678542
547 1.692356
548 1.710604
549 1.728852
550 1.747101
551 1.765349
552 1.783597
553 1.801845
554 1.820093
555 1.838342
556 1.856590
557 1.874838
558 1.896109
559 1.917381
560 1.938652
561 1.959923
562 1.981194
563 2.002466
564 2.023737
565 2.045008
566 2.066280
567 2.087551
568 2.093448
569 2.099345
570 2.105243
571 2.111140
572 2.117037
573 2.122934
574 2.128831
575 2.134729
576 2.140626
577 2.146523
578 2.172112
579 2.197700
580 2.223289
581 2.248877
582 2.274465
583 2.300054
584 2.325642
585 2.351231
586 2.376819
587 2.402408
588 2.432426
589 2.462444
590 2.492462
591 2.522480
592 2.552498
593 2.582516
594 2.612534
595 2.642552
596 2.672570
597 2.702588
598 2.732346
599 2.762103
600 2.791861
601 2.821618
602 2.851376
603 2.881133
604 2.910891
605 2.940648
606 2.970406
607 3.000163
608 3.029921
609 3.060817
610 3.091712
611 3.122608
612 3.153504
613 3.184399
614 3.215295
615 3.246191
616 3.277087
617 3.307982
618 3.338878
619 3.379855
620 3.420832
621 3.461810
622 3.502787
623 3.543764
624 3.584741
625 3.625719
626 3.666696
627 3.707673
628 3.767096
629 3.826519
630 3.885943
631 3.945366
632 4.004789
633 4.064212
634 4.123635
635 4.183059
636 4.242482
637 4.301905
638 4.366371
639 4.430838
640 4.495304
641 4.559771
642 4.624237
643 4.688704
644 4.753171
645 4.817637
646 4.882104
647 4.946570
