300 3871.888866
301 3448.516548
302 3025.144230
303 2601.771912
304 2178.399593
305 1755.027275
306 1331.654957
307 908.282639
308 484.910320
309 61.538002
310 56.812506
311 52.087010
312 47.361515
313 42.636019
314 37.910523
315 33.185027
316 28.459532
317 23.734036
318 19.008540
319 17.849432
320 16.690324
321 15.531216
322 14.372108
323 13.213000
324 12.053891
325 10.894783
326 9.735675
327 8.576567
328 7.417459
329 7.090065
330 6.762671
331 6.435277
332 6.107883
333 5.780489
334 5.453096
335 5.125702
336 4.798308
337 4.470914
338 4.143520
339 3.989586
340 3.835653
341 3.681719
342 3.527785
343 3.373851
344 3.219918
345 3.065984
346 2.912050
347 2.758117
348 2.604183
349 2.531719
350 2.459255
351 2.386791
352 2.314327
353 2.241863
354 2.169399
355 2.096935
356 2.024471
357 1.952007
358 1.879543
359 1.848349
360 1.817154
361 1.785960
362 1.754766
363 1.723571
364 1.692377
365 1.661183
366 1.629988
367 1.598794
368 1.578521
369 1.558248
370 1.537975
371 1.517702
372 1.497429
373 1.477156
374 1.456883
375 1.436610
376 1.416337
377 1.396064
378 1.383046
379 1.370028
380 1.357011
381 1.343993
382 1.330975
383 1.317957
384 1.304939
385 1.291921
386 1.278904
387 1.265886
388 1.252868
389 1.243721
390 1.234574
391 1.225427
392 1.216280
393 1.207134
394 1.197987
395 1.188840
396 1.179693
397 1.170546
398 1.161399
399 1.156917
400 1.152436
401 1.147954
402 1.143473
403 1.138991
404 1.134509
405 1.130028
406 1.125546
407 1.121065
408 1.116583
409 1.115343
410 1.114103
411 1.112864
412 1.111624
413 1.110384
414 1.109144
415 1.107904
416 1.106665
417 1.105425
418 1.104185
419 1.093176
420 1.082166
421 1.071157
422 1.060147
423 1.049138
424 1.038128
425 1.027119
426 1.016109
427 1.005100
428 0.994090
429 0.995629
430 0.997168
431 0.998707
432 1.000246
433 1.001785
434 1.003325
435 1.004864
436 1.006403
437 1.007942
438 1.009481
439 1.011710
440 1.013939
441 1.016168
442 1.018397
443 1.020627
444 1.022856
445 1.025085
446 1.027314
447 1.029543
448 1.031772
449 1.036564
450 1.041355
451 1.046147
452 1.050938
453 1.055730
454 1.060522
455 1.065313
456 1.070105
457 1.074896
458 1.079688
459 1.079195
460 1.078702
461 1.078209
462 1.077716
463 1.077222
464 1.076729
465 1.076236
466 1.075743
467 1.075250
468 1.077476
469 1.079703
470 1.081929
471 1.084156
472 1.086382
473 1.088608
474 1.090835
475 1.093061
476 1.095288
477 1.097514
478 1.105918
479 1.114322
480 1.122725
481 1.131129
482 1.139533
483 1.147937
484 1.156341
485 1.164745
486 1.173148
487 1.181552
488 1.189956
489 1.182216
490 1.174475
491 1.166735
492 1.158994
493 1.151254
494 1.143513
495 1.135773
496 1.128032
497 1.120291
498 1.112551
499 1.121650
500 1.130749
501 1.139848
502 1.148947
503 1.158046
504 1.167144
505 1.176243
506 1.185342
507 1.194441
508 1.203540
509 1.218379
510 1.233219
511 1.248058
512 1.262897
513 1.277737
514 1.292576
515 1.307415
516 1.322254
517 1.337094
518 1.351933
519 1.368785
520 1.385637
521 1.402489
522 1.419341
523 1.436194
524 1.453046
525 1.469898
526 1.486750
527 1.503602
528 1.514866
529 1.526130
530 1.537395
531 1.548659
532 1.559923
533 1.571187
534 1.582451
535 1.593716
536 1.604980
537 1.616244
538 1.634864
539 1.653485
540 1.672105
541 1.690726
542 1.709346
543 1.727966
544 1.746587
545 1.765207
546 1.783828
547 1.802448
548 1.831305
549 1.860162
550 1.889020
551 1.917877
552 1.946734
553 1.975591
554 2.004448
555 2.033306
556 2.062163
557 2.091020
558 2.112983
559 2.134946
560 2.156909
561 2.178872
562 2.200835
563 2.222798
564 2.244761
565 2.266724
566 2.288687
567 2.310650
568 2.320525
569 2.330401
570 2.340276
571 2.350151
572 2.360027
573 2.369902
574 2.379777
575 2.389652
576 2.399528
577 2.409403
578 2.421804
579 2.434205
580 2.446606
581 2.459007
582 2.471408
583 2.483809
584 2.496210
585 2.508611
586 2.521012
587 2.533413
588 2.545814
589 2.581350
590 2.616886
591 2.652422
592 2.687958
593 2.723495
594 2.759031
595 2.794567
596 2.830103
597 2.865639
598 2.901175
599 2.933091
600 2.965008
601 2.996924
602 3.028840
603 3.060757
604 3.092673
605 3.124589
606 3.156505
607 3.188422
608 3.220338
609 3.256315
610 3.292293
611 3.328270
612 3.364248
613 3.400225
614 3.436202
615 3.472180
616 3.508157
617 3.544135
618 3.580112
619 3.619250
620 3.658388
621 3.697527
622 3.736665
623 3.775803
624 3.814941
625 3.854079
626 3.893218
627 3.932356
628 3.971494
629 4.029481
630 4.087468
631 4.145455
632 4.203442
633 4.261429
634 4.319415
635 4.377402
636 4.435389
637 4.493376
638 4.551363
639 4.634061
640 4.716759
641 4.799457
642 4.882155
643 4.964852
644 5.047550
645 5.130248
646 5.212946
647 5.295644
