300 422.408700
301 332.369998
302 242.331295
303 152.292592
304 140.747803
305 129.203014
306 117.658225
307 106.113436
308 94.568646
309 83.023857
310 71.479068
311 59.934279
312 48.389490
313 36.844701
314 33.504627
315 30.164552
316 26.824478
317 23.484403
318 20.144329
319 18.525075
320 16.905821
321 15.286566
322 13.667312
323 12.048058
324 11.265042
325 10.482027
326 9.699011
327 8.915996
328 8.132980
329 7.729771
330 7.326563
331 6.923354
332 6.520145
333 6.116936
334 5.713728
335 5.310519
336 4.907310
337 4.504102
338 4.100893
339 3.953206
340 3.805518
341 3.657831
342 3.510143
343 3.362456
344 3.214768
345 3.067080
346 2.919393
347 2.771705
348 2.624018
349 2.540262
350 2.456506
351 2.372749
352 2.288993
353 2.205237
354 2.121481
355 2.037724
356 1.953968
357 1.870212
358 1.835338
359 1.800464
360 1.765590
361 1.730716
362 1.695842
363 1.660969
364 1.626095
365 1.591221
366 1.556347
367 1.521473
368 1.504645
369 1.487818
370 1.470990
371 1.454162
372 1.437334
373 1.420507
374 1.403679
375 1.386851
376 1.370024
377 1.353196
378 1.342606
379 1.332016
380 1.321426
381 1.310836
382 1.300245
383 1.289655
384 1.279065
385 1.268475
386 1.257885
387 1.247295
388 1.238481
389 1.229668
390 1.220854
391 1.212041
392 1.203227
393 1.194413
394 1.185600
395 1.176786
396 1.167973
397 1.159159
398 1.150814
399 1.142470
400 1.134125
401 1.125781
402 1.117436
403 1.109092
404 1.100747
405 1.092403
406 1.084058
407 1.075714
408 1.067369
409 1.063082
410 1.058794
411 1.054507
412 1.050219
413 1.045932
414 1.041644
415 1.037357
416 1.033069
417 1.028782
418 1.024494
419 1.020180
420 1.015867
421 1.011553
422 1.007239
423 1.002926
424 0.998612
425 0.994298
426 0.989985
427 0.985671
428 0.985219
429 0.984768
430 0.984317
431 0.983865
432 0.983413
433 0.982962
434 0.982511
435 0.982059
436 0.981607
437 0.981156
438 0.982014
439 0.982873
440 0.983731
441 0.984590
442 0.985448
443 0.986306
444 0.987165
445 0.988023
446 0.988882
447 0.989740
448 0.992632
449 0.995524
450 0.998416
451 1.001308
452 1.004199
453 1.007091
454 1.009983
455 1.012875
456 1.015767
457 1.018659
458 1.017040
459 1.015422
460 1.013803
461 1.012184
462 1.010566
463 1.008947
464 1.007328
465 1.005709
466 1.004091
467 1.002472
468 1.011718
469 1.020965
470 1.030211
471 1.039457
472 1.048704
473 1.057950
474 1.067196
475 1.076442
476 1.085689
477 1.094935
478 1.102706
479 1.110477
480 1.118249
481 1.126020
482 1.133791
483 1.141562
484 1.149333
485 1.157105
486 1.164876
487 1.172647
488 1.162419
489 1.152191
490 1.141963
491 1.131735
492 1.121507
493 1.111280
494 1.101052
495 1.090824
496 1.080596
497 1.070368
498 1.076545
499 1.082723
500 1.088900
501 1.095077
502 1.101255
503 1.107432
504 1.113609
505 1.119786
506 1.125964
507 1.132141
508 1.142811
509 1.153481
510 1.164151
511 1.174821
512 1.185491
513 1.196161
514 1.206831
515 1.217501
516 1.228171
517 1.238841
518 1.252088
519 1.265336
520 1.278583
521 1.291830
522 1.305077
523 1.318325
524 1.331572
525 1.344819
526 1.358067
527 1.371314
528 1.385957
529 1.400600
530 1.415242
531 1.429885
532 1.444528
533 1.459171
534 1.473814
535 1.488456
536 1.503099
537 1.517742
538 1.530696
539 1.543650
540 1.556604
541 1.569558
542 1.582511
543 1.595465
544 1.608419
545 1.621373
546 1.634327
547 1.647281
548 1.663328
549 1.679375
550 1.695422
551 1.711469
552 1.727515
553 1.743562
554 1.759609
555 1.775656
556 1.791703
557 1.807750
558 1.832932
559 1.858114
560 1.883295
561 1.908477
562 1.933659
563 1.958841
564 1.984023
565 2.009204
566 2.034386
567 2.059568
568 2.075623
569 2.091677
570 2.107731
571 2.123786
572 2.139841
573 2.155895
574 2.171950
575 2.188004
576 2.204058
577 2.220113
578 2.236113
579 2.252114
580 2.268114
581 2.284114
582 2.300115
583 2.316115
584 2.332115
585 2.348115
586 2.364116
587 2.380116
588 2.408963
589 2.437809
590 2.466656
591 2.495502
592 2.524349
593 2.553196
594 2.582042
595 2.610889
596 2.639735
597 2.668582
598 2.700370
599 2.732158
600 2.763947
601 2.795735
602 2.827523
603 2.859311
604 2.891099
605 2.922887
606 2.954676
607 2.986464
608 3.018252
609 3.042892
610 3.067533
611 3.092173
612 3.116814
613 3.141454
614 3.166094
615 3.190735
616 3.215375
617 3.240016
618 3.264656
619 3.300912
620 3.337168
621 3.373423
622 3.409679
623 3.445935
624 3.482191
625 3.518446
626 3.554702
627 3.590958
628 3.644359
629 3.697760
630 3.751160
631 3.804561
632 3.857962
633 3.911363
634 3.964764
635 4.018164
636 4.071565
637 4.124966
638 4.189353
639 4.253740
640 4.318127
641 4.382514
642 4.446901
643 4.511288
644 4.575675
645 4.640062
646 4.704449
647 4.768836
