298 448.400038
309 73.367055
314 40.876487
319 22.786240
323 13.600548
328 8.975411
333 6.229912
338 4.553904
343 3.491104
348 2.753628
353 2.190116
358 1.908687
363 1.710602
367 1.588590
377 1.311555
388 1.216565
398 1.099766
408 1.050261
418 1.023409
428 1.006306
438 0.990660
448 1.026788
458 1.035221
467 1.049323
477 1.060598
488 1.177147
498 1.102612
508 1.137237
518 1.335037
528 1.462407
537 1.615918
547 1.792849
557 2.001477
567 2.237722
577 2.295973
588 2.550056
598 2.829052
608 3.214679
618 3.690371
628 3.974113
638 4.639496
647 5.362316
657 6.294713
