300 380.212223
301 346.118315
302 312.024408
303 277.930500
304 243.836593
305 209.742685
306 175.648778
307 141.554870
308 107.460963
309 73.367055
310 66.868941
311 60.370828
312 53.872714
313 47.374601
314 40.876487
315 37.258438
316 33.640388
317 30.022339
318 26.404289
319 22.786240
320 20.489817
321 18.193394
322 15.896971
323 13.600548
324 12.675521
325 11.750493
326 10.825466
327 9.900438
328 8.975411
329 8.426311
330 7.877211
331 7.328112
332 6.779012
333 6.229912
334 5.894710
335 5.559509
336 5.224307
337 4.889106
338 4.553904
339 4.341344
340 4.128784
341 3.916224
342 3.703664
343 3.491104
344 3.343609
345 3.196114
346 3.048618
347 2.901123
348 2.753628
349 2.640926
350 2.528223
351 2.415521
352 2.302818
353 2.190116
354 2.133830
355 2.077544
356 2.021259
357 1.964973
358 1.908687
359 1.869070
360 1.829453
361 1.789836
362 1.750219
363 1.710602
364 1.680099
365 1.649596
366 1.619093
367 1.588590
368 1.560887
369 1.533183
370 1.505479
371 1.477776
372 1.450073
373 1.422369
374 1.394665
375 1.366962
376 1.339259
377 1.311555
378 1.302920
379 1.294284
380 1.285649
381 1.277013
382 1.268378
383 1.259742
384 1.251107
385 1.242471
386 1.233836
387 1.225200
388 1.216565
389 1.204885
390 1.193205
391 1.181525
392 1.169845
393 1.158165
394 1.146486
395 1.134806
396 1.123126
397 1.111446
398 1.099766
399 1.094815
400 1.089865
401 1.084915
402 1.079964
403 1.075013
404 1.070063
405 1.065112
406 1.060162
407 1.055211
408 1.050261
409 1.047576
410 1.044891
411 1.042205
412 1.039520
413 1.036835
414 1.034150
415 1.031465
416 1.028779
417 1.026094
418 1.023409
419 1.021699
420 1.019988
421 1.018278
422 1.016568
423 1.014857
424 1.013147
425 1.011437
426 1.009727
427 1.008016
428 1.006306
429 1.004741
430 1.003177
431 1.001612
432 1.000048
433 0.998483
434 0.996918
435 0.995354
436 0.993789
437 0.992225
438 0.990660
439 0.994273
440 0.997886
441 1.001498
442 1.005111
443 1.008724
444 1.012337
445 1.015950
446 1.019562
447 1.023175
448 1.026788
449 1.027631
450 1.028475
451 1.029318
452 1.030161
453 1.031004
454 1.031848
455 1.032691
456 1.033534
457 1.034378
458 1.035221
459 1.036788
460 1.038355
461 1.039922
462 1.041489
463 1.043055
464 1.044622
465 1.046189
466 1.047756
467 1.049323
468 1.050450
469 1.051578
470 1.052706
471 1.053833
472 1.054960
473 1.056088
474 1.057215
475 1.058343
476 1.059470
477 1.060598
478 1.071193
479 1.081789
480 1.092384
481 1.102979
482 1.113575
483 1.124170
484 1.134766
485 1.145361
486 1.155956
487 1.166552
488 1.177147
489 1.169693
490 1.162240
491 1.154786
492 1.147333
493 1.139879
494 1.132426
495 1.124972
496 1.117519
497 1.110065
498 1.102612
499 1.106074
500 1.109537
501 1.112999
502 1.116462
503 1.119924
504 1.123387
505 1.126850
506 1.130312
507 1.133775
508 1.137237
509 1.157017
510 1.176797
511 1.196577
512 1.216357
513 1.236137
514 1.255917
515 1.275697
516 1.295477
517 1.315257
518 1.335037
519 1.347774
520 1.360511
521 1.373248
522 1.385985
523 1.398722
524 1.411459
525 1.424196
526 1.436933
527 1.449670
528 1.462407
529 1.479464
530 1.496521
531 1.513577
532 1.530634
533 1.547691
534 1.564748
535 1.581804
536 1.598861
537 1.615918
538 1.633611
539 1.651304
540 1.668997
541 1.686690
542 1.704384
543 1.722077
544 1.739770
545 1.757463
546 1.775156
547 1.792849
548 1.813712
549 1.834575
550 1.855437
551 1.876300
552 1.897163
553 1.918026
554 1.938889
555 1.959751
556 1.980614
557 2.001477
558 2.025101
559 2.048726
560 2.072351
561 2.095975
562 2.119600
563 2.143224
564 2.166848
565 2.190473
566 2.214098
567 2.237722
568 2.243547
569 2.249372
570 2.255197
571 2.261022
572 2.266847
573 2.272673
574 2.278498
575 2.284323
576 2.290148
577 2.295973
578 2.319071
579 2.342170
580 2.365268
581 2.388367
582 2.411465
583 2.434564
584 2.457662
585 2.480761
586 2.503859
587 2.526958
588 2.550056
589 2.577956
590 2.605855
591 2.633755
592 2.661654
593 2.689554
594 2.717454
595 2.745353
596 2.773253
597 2.801152
598 2.829052
599 2.867615
600 2.906177
601 2.944740
602 2.983303
603 3.021865
604 3.060428
605 3.098991
606 3.137554
607 3.176116
608 3.214679
609 3.262248
610 3.309817
611 3.357387
612 3.404956
613 3.452525
614 3.500094
615 3.547663
616 3.595233
617 3.642802
618 3.690371
619 3.718745
620 3.747119
621 3.775494
622 3.803868
623 3.832242
624 3.860616
625 3.888990
626 3.917365
627 3.945739
628 3.974113
629 4.040651
630 4.107190
631 4.173728
632 4.240266
633 4.306805
634 4.373343
635 4.439881
636 4.506419
637 4.572958
638 4.639496
639 4.719809
640 4.800123
641 4.880436
642 4.960749
643 5.041063
644 5.121376
645 5.201689
646 5.282003
647 5.362316
