299 674.831522
303 152.607985
313 37.098250
318 21.419996
323 12.157867
328 8.287122
338 4.149860
348 2.656138
357 1.886796
367 1.575926
377 1.317234
387 1.219279
397 1.139350
408 1.074548
418 1.034840
427 0.999553
437 0.998228
447 1.017673
457 1.045756
467 1.030192
477 1.047558
487 1.181576
497 1.085291
507 1.134056
517 1.288932
527 1.413005
537 1.554218
547 1.692356
557 1.874838
567 2.087551
577 2.146523
587 2.402408
597 2.702588
608 3.029921
618 3.338878
627 3.707673
637 4.301905
647 4.946570
