299 512.447403
303 152.292592
313 36.844701
318 20.144329
323 12.048058
328 8.132980
338 4.100893
348 2.624018
357 1.870212
367 1.521473
377 1.353196
387 1.247295
397 1.159159
408 1.067369
418 1.024494
427 0.985671
437 0.981156
447 0.989740
457 1.018659
467 1.002472
477 1.094935
487 1.172647
497 1.070368
507 1.132141
517 1.238841
527 1.371314
537 1.517742
547 1.647281
557 1.807750
567 2.059568
577 2.220113
587 2.380116
597 2.668582
608 3.018252
618 3.264656
627 3.590958
637 4.124966
647 4.768836
