350 0.442274
351 0.647747
352 1.236446
353 3.850617
354 21.023040
355 126.091251
356 210.987305
357 195.325902
358 152.854982
359 -286.066920
360 597.232654
361 341.559680
362 372.623758
363 677.198085
364 132.200925
365 178.740054
366 1715.230610
367 981.606234
368 110.594127
369 340.555147
370 1302.071113
371 335.925312
372 239.598244
373 248.766603
374 289.347881
375 328.246213
376 312.013815
377 413.741055
378 353.065187
379 425.016674
380 397.099402
381 446.402783
382 393.254450
383 434.760448
384 437.268569
385 431.657521
386 442.533570
387 376.725617
388 391.441885
389 369.341052
390 377.603755
391 343.899545
392 311.584216
393 272.380440
394 354.367830
395 273.292342
396 261.204443
397 285.786080
398 289.083587
399 271.398025
400 308.445722
401 308.993122
402 287.120004
403 307.564965
404 312.307370
405 313.839347
406 308.955586
407 307.245105
408 316.734852
409 288.210118
410 310.319654
411 282.631503
412 306.384161
413 288.698042
414 305.941566
415 286.398946
416 253.692211
417 284.379197
418 300.668762
419 294.928089
420 290.604836
421 283.912294
422 285.595313
423 292.222797
424 332.238592
425 297.604526
426 341.384114
427 309.676523
428 289.849370
429 282.394226
430 319.041432
431 307.875728
432 286.828930
433 293.107351
434 290.929613
435 292.767462
436 305.434646
437 294.436524
438 294.035146
439 270.182815
440 293.560298
441 285.893200
442 259.713473
443 312.574156
444 254.801096
445 293.384749
446 290.124665
447 261.061756
448 255.704954
449 281.575804
450 287.322556
451 357.980729
452 292.530941
453 298.564114
454 325.839979
455 356.747804
456 273.179567
457 244.836392
458 303.874258
459 286.613211
460 270.117124
461 400.777684
462 300.879499
463 336.222398
464 368.986370
465 379.415029
466 341.351561
467 312.947901
468 371.944782
469 362.739622
470 246.545463
471 284.504841
472 336.435376
473 273.070881
474 508.335961
475 363.132260
476 309.630979
477 310.266393
478 309.795321
479 294.346591
480 252.497597
481 226.671012
482 934.123490
483 165.370412
484 212.444346
485 373.423775
486 360.540563
487 806.825406
488 319.143497
489 335.473537
490 251.408026
491 207.517899
492 299.098706
493 399.247701
494 531.734409
495 21414.535091
496 642.341245
497 392.887478
498 752.114380
499 -3206.978450
500 372.584465
