300 7506.252004
300 1037.993326
310 106.174914
310 108.945425
320 29.142994
320 28.270428
330 10.275522
330 12.067178
340 5.292766
340 5.186782
350 3.158625
350 3.105010
360 2.243305
360 2.315337
370 1.946050
370 2.012835
380 1.618924
380 1.622129
390 1.367603
390 1.379608
400 1.162876
400 1.180113
410 1.128676
410 1.134877
420 1.084146
420 1.117440
430 0.992711
430 1.006924
440 0.998291
440 1.010290
450 1.055247
450 1.052876
460 1.046101
460 1.042845
470 0.939845
470 0.922837
480 1.180150
480 1.183230
490 1.314195
490 1.312814
500 1.215002
500 1.246113
510 1.353438
510 1.342661
520 1.563631
520 1.558183
530 1.809753
530 1.783811
540 2.046125
540 2.042781
550 2.397941
550 2.491338
560 2.970490
560 2.856331
570 3.526830
570 3.483475
580 3.781510
580 3.775184
590 4.018186
590 4.087897
600 4.766140
600 4.763820
610 5.569089
610 5.557040
620 6.156598
620 6.182504
630 7.030773
630 6.985742
640 8.524188
640 8.674531
650 10.586178
650 10.528358
